version https://git-lfs.github.com/spec/v1
oid sha256:416d2ca6386590b3dbb076463af689bacbfcc89554770b8a4864c53db77e29a5
size 15691574
