version https://git-lfs.github.com/spec/v1
oid sha256:4c38e241fa024e702eaf3162550cbf81312b318295f244f10fe489c5d934e6e5
size 5949
