version https://git-lfs.github.com/spec/v1
oid sha256:3f20f7a11da7a0ebc19b64fcfdb12c55e512b15e2bb5143e33368572c756d9f2
size 778
