version https://git-lfs.github.com/spec/v1
oid sha256:73183a3d29e907cab602d03c854e58be4d4b91d428fc6cd150d88348890ec17a
size 1464679
